# Created by Octave 8.3.0, Mon Nov 13 12:56:48 2023 GMT <unknown@rac21085>
# name: dataMatrix
# type: cell
# rows: 1
# columns: 6
# name: <cell-element>
# type: string
# elements: 1
# length: 3
SIM



# name: <cell-element>
# type: matrix
# rows: 1
# columns: 2265
 -11.243122371936265 -36.082734137020992 -57.09915181285934 -65.999532386024796 -53.852261173776562 -20.97763786733843 14.567815950218574 43.79517344994602 66.974808206372629 84.130198749076527 93.420587498179955 93.247603388473905 83.58744140353997 65.522110209073944 40.851020441585888 12.096808085265984 -17.933392066645293 -46.808315675723733 -71.469301228540459 -88.986671889542549 -97.926149147984674 -97.13818550799418 -86.911006323247705 -68.756786691148022 -44.162959604049163 -15.383616246216135 14.74186593445507 43.350766158688828 67.61413140793951 85.189240836231875 94.376814998186376 94.097791430329423 84.422427543122467 66.365201232691831 41.694214223829718 12.933890429888635 -17.103883827368794 -45.63138628182044 -69.829604196348853 -87.342795399668532 -96.46707983932815 -96.124619072665453 -86.386681177050448 -68.267839356479399 -43.53611528329084 -14.715913281494096 15.380865771398152 43.966476714154823 68.221885296343018 85.79133286305327 94.970926382159433 94.682815727282261 84.998258184894581 66.931817452297906 42.251507132708042 13.481724830373253 -16.565634046966441 -45.102828613457916 -69.31082774134606 -86.833874789988272 -95.968077679370609 -95.635586218739917 -85.907656658118754 -67.798850729527359 -43.077179184293001 -14.267035929432438 15.819688129582858 44.395257374869857 68.640646673983341 86.20010607153533 95.369750826274995 95.071738704236751 85.377334495716113 67.301109022890515 42.611082644456687 13.831659360261781 -16.225259376771827 -44.771926976628706 -68.989306939097702 -86.521637573559047 -95.665022063362485 -95.341605785416007 -85.622640852755893 -67.522685146927898 -42.809745846563146 -14.008213555138653 16.070023864764671 44.63723358589435 68.874393022443769 86.425754529816032 95.58743544972198 95.281595411217921 85.579500855440713 67.495724050855344 42.798286605385158 14.011593578400479 -16.052452700135671 -44.606104938566439 -68.830326103493675 -86.369354132759369 -95.519291993157836 -95.202284993498495 -85.489585320790383 -67.395751066377855 -42.688789748411523 -13.89309243364383 16.179452434138216 44.741111334231306 68.972860880680514 86.518952527452285 95.675502618804373 95.719715665099244 86.48323840287857 68.406968266613461 43.528655680954586 14.300970094051891 -16.247296724035589 -44.830837634190949 -68.91122625385762 -86.403034462563781 -95.574912711116227 -95.274055306509553 -85.56181923998065 -67.465822987139262 -42.758709526263146 -13.963678846102795 16.108359852290246 44.669738853424349 69.256373257027548 87.272850938521913 96.441605623001422 95.954527095919957 85.811147877619234 67.24292801675027 42.515445428716461 13.872491254908084 -16.144368761484923 -44.719937280096254 -68.960228760485037 -86.499588429836365 -95.647182065467732 -95.329792797381756 -85.617484037096787 -67.523836880287277 -42.816795231718345 -13.310767839259725 17.703072663152305 46.289634530490112 70.169353797737799 86.843013046111537 95.040506701043071 94.679110511125231 85.268866410066778 67.283676291797732 42.54646457122351 13.731536143143813 -16.329418349168247 -44.874774325537203 -69.094767477939655 -86.631255265834511 -95.778383727374333 -95.458168000695323 -85.74207656665908 -67.644758828555709 -42.934241494251225 -14.134914443331695 15.94133589706075 44.506771445923448 68.742360616413663 86.292347322733235 95.452841724871561 95.145996642316007 85.44307166927274 67.358632265243187 42.660693366520078 13.873653511748316 -16.190591351358314 -44.744300180347061 -68.968442057659686 -86.50726090264348 -95.65686552897732 -95.339406957935893 -85.626142954974824 -67.531637056340614 -42.823902092085603 -14.027334308505388 16.046172802679447 44.608880803595 68.841761520942484 86.389061750151313 95.546893304649089 95.237410320859567 85.531873786691222 67.444850560337201 42.744356885762102 13.954792507856524 -16.111945505436573 -44.668115069220292 -68.894684298970944 -86.435896221064084 -95.587858828196218 -95.272722390317085 -85.561743988838913 -67.469486540946932 -42.763962320390831 -13.969567077741502 16.101806132578858 44.662419253685954 68.893244439041993 86.438528758649852 95.594384250325888 95.282965226661887 85.575532805439224 67.486653930315029 42.784344888156511 13.993005426003549 -16.075467425035999 -44.633331654155043 -68.861555486483951 -86.404382091965175 -95.557919639162662 -95.244318604620702 -85.53483630553842 -67.444035922584064 -42.73993001922851 -13.946914660582067 16.123116760957554 44.682425828439222 68.911984314474594 86.456038888703205 95.610701170299592 95.298125036134039 85.589571152349279 67.499605996174651 42.796245374353219 14.003888541163221 -16.065567976661768 -44.624382683310003 -68.853524328569478 -86.397236615776166 -95.551628254728911 -95.238850270184869 -85.530160533701547 -67.440122785648825 -42.736750153769918 -13.944439271274831 16.124915898226526 44.683576364145026 68.912513323687762 86.455972869955389 95.610066045055262 95.296946148842068 85.587873271049588 67.49741331363478 42.793581509711018 14.000776542051895 -16.660848914262662 -46.004189712019127 -70.254092532194761 -87.504351883824356 -95.931520017760249 -94.81923335947215 -85.068019293401846 -67.224760334864655 -42.60691632060022 -13.784641434184223 16.305248595438218 44.858519290259281 69.077905600861399 86.615375780228291 95.765052086003635 95.447452050481459 85.733722355222042 66.928512338713318 41.279145584682908 12.457379188845096 -17.264356843758257 -44.954859444166431 -68.228880469957645 -85.72578456193402 -95.180460960546398 -94.974395798425505 -85.233755376403664 -67.123008887645412 -42.429963402797185 -13.652898510923066 16.405558847409051 44.955283476978785 69.175283904613636 86.709670301707661 95.854764249560617 95.532804607283225 85.815064909072078 67.716104137151021 43.00392979310233 14.202939427541395 -15.874968466341258 -44.442051053134179 -68.679277059758917 -86.230890586691146 -95.393000742323864 -95.087759018110262 -85.386423911437689 -67.303559953219292 -42.607181206367386 -13.821685371123976 16.241032396698792 44.793231794868447 69.015882595615352 86.553229360026975 95.701381497365645 95.382490579803317 85.66781488033989 67.571918400761902 42.862814396033301 14.064899498098697 -16.0099324535976 -44.573942710071734 -68.808102822239078 -86.356659343798611 -95.515723879256214 -95.207450387698586 -85.503099710080363 -67.417238586845698 -42.717883172259519 -13.929433148429837 16.136214453675066 44.691317561410855 68.916844278846781 86.457037598330885 95.6080054569276 95.291898048342617 85.579972358101301 67.486791188805626 42.780366681848548 13.985094438570982 -16.087132651830789 -44.648576712839699 -68.880210092594353 -86.426280069273474 -95.582898901581004 -95.272221134942484 -85.565508131175193 -67.477327088452085 -42.775694557934798 -13.985010560056239 16.082827592243476 44.640077598524613 68.867707387103067 86.409959824523682 95.56294276994862 95.248806385075866 85.538807667354234 67.447509473319528 42.742924038431354 13.94944709639519 -16.121028294722255 -44.68076405477705 -68.910732295231497 -86.455180026203266 -95.610219208573184 -95.298004061762484 -85.589795594942345 -67.500160628495948 -42.797115312108986 -14.005059242469102 16.06411071212132 44.030909432682066 67.475669547279907 84.998757053181237 94.4467300777074 94.861296325751994 85.952228487193409 67.904821006276293 42.954768450172793 14.077020954982586 -15.962284856748461 -44.500331553139006 -68.734585614945061 -86.287529180856723 -95.447550934968604 -95.138792766439749 -85.434150340435039 -67.348302778039127 -41.938997811360451 -12.209799711341418 17.880059841614212 46.082294734058408 69.434399758187681 86.014400442354628 95.113531361288778 95.092728040827396 85.482585318508171 67.352576598974593 42.62062176706759 13.83091265641167 -16.230772759393229 -44.785961676051642 -69.013238437861574 